STLFile     ../stl/sphere.stl

Nx          32
-20.00000000 -17.50000000 -15.00000000 -12.50000000 -10.00000000 -7.50000000 -5.00000000 -2.50000000 0.00000000 2.50000000 5.00000000 7.50000000 10.00000000 12.50000000 15.00000000 17.50000000 20.00000000 22.50000000 25.00000000 27.50000000 30.00000000 32.50000000 35.00000000 37.50000000 40.00000000 42.50000000 45.00000000 47.50000000 50.00000000 52.50000000 55.00000000 57.50000000 60.00000000
Ny          16
-20.00000000 -17.50000000 -15.00000000 -12.50000000 -10.00000000 -7.50000000 -5.00000000 -2.50000000 0.00000000 2.50000000 5.00000000 7.50000000 10.00000000 12.50000000 15.00000000 17.50000000 20.00000000
Nz          16
-20.00000000 -17.50000000 -15.00000000 -12.50000000 -10.00000000 -7.50000000 -5.00000000 -2.50000000 0.00000000 2.50000000 5.00000000 7.50000000 10.00000000 12.50000000 15.00000000 17.50000000 20.00000000

Re          100
dt          0.00001
numtstep    1

InitUsingFile       0
InitFileu1          u1.out
InitFileu2          u2.out
InitFileu3          u3.out
InitFilep           p.out

OutputFileu1        u1.out
OutputFileu2        u2.out
OutputFileu3        u3.out
OutputFilep         p.out
