NumVert     20
0.500000 0.000000
0.475528 0.154508
0.404508 0.293893
0.293893 0.404508
0.154508 0.475528
0.000000 0.500000
-0.154508 0.475528
-0.293893 0.404508
-0.404508 0.293893
-0.475528 0.154508
-0.500000 0.000000
-0.475528 -0.154508
-0.404508 -0.293893
-0.293893 -0.404508
-0.154508 -0.475528
-0.000000 -0.500000
0.154508 -0.475528
0.293893 -0.404508
0.404508 -0.293893
0.475528 -0.154508

Nx          512
-8.00000000 -7.93750000 -7.87500000 -7.81250000 -7.75000000 -7.68750000 -7.62500000 -7.56250000 -7.50000000 -7.43750000 -7.37500000 -7.31250000 -7.25000000 -7.18750000 -7.12500000 -7.06250000 -7.00000000 -6.93750000 -6.87500000 -6.81250000 -6.75000000 -6.68750000 -6.62500000 -6.56250000 -6.50000000 -6.43750000 -6.37500000 -6.31250000 -6.25000000 -6.18750000 -6.12500000 -6.06250000 -6.00000000 -5.93750000 -5.87500000 -5.81250000 -5.75000000 -5.68750000 -5.62500000 -5.56250000 -5.50000000 -5.43750000 -5.37500000 -5.31250000 -5.25000000 -5.18750000 -5.12500000 -5.06250000 -5.00000000 -4.93750000 -4.87500000 -4.81250000 -4.75000000 -4.68750000 -4.62500000 -4.56250000 -4.50000000 -4.43750000 -4.37500000 -4.31250000 -4.25000000 -4.18750000 -4.12500000 -4.06250000 -4.00000000 -3.93750000 -3.87500000 -3.81250000 -3.75000000 -3.68750000 -3.62500000 -3.56250000 -3.50000000 -3.43750000 -3.37500000 -3.31250000 -3.25000000 -3.18750000 -3.12500000 -3.06250000 -3.00000000 -2.93750000 -2.87500000 -2.81250000 -2.75000000 -2.68750000 -2.62500000 -2.56250000 -2.50000000 -2.43750000 -2.37500000 -2.31250000 -2.25000000 -2.18750000 -2.12500000 -2.06250000 -2.00000000 -1.93750000 -1.87500000 -1.81250000 -1.75000000 -1.68750000 -1.62500000 -1.56250000 -1.50000000 -1.43750000 -1.37500000 -1.31250000 -1.25000000 -1.18750000 -1.12500000 -1.06250000 -1.00000000 -0.93750000 -0.87500000 -0.81250000 -0.75000000 -0.68750000 -0.62500000 -0.56250000 -0.50000000 -0.43750000 -0.37500000 -0.31250000 -0.25000000 -0.18750000 -0.12500000 -0.06250000 0.00000000 0.06250000 0.12500000 0.18750000 0.25000000 0.31250000 0.37500000 0.43750000 0.50000000 0.56250000 0.62500000 0.68750000 0.75000000 0.81250000 0.87500000 0.93750000 1.00000000 1.06250000 1.12500000 1.18750000 1.25000000 1.31250000 1.37500000 1.43750000 1.50000000 1.56250000 1.62500000 1.68750000 1.75000000 1.81250000 1.87500000 1.93750000 2.00000000 2.06250000 2.12500000 2.18750000 2.25000000 2.31250000 2.37500000 2.43750000 2.50000000 2.56250000 2.62500000 2.68750000 2.75000000 2.81250000 2.87500000 2.93750000 3.00000000 3.06250000 3.12500000 3.18750000 3.25000000 3.31250000 3.37500000 3.43750000 3.50000000 3.56250000 3.62500000 3.68750000 3.75000000 3.81250000 3.87500000 3.93750000 4.00000000 4.06250000 4.12500000 4.18750000 4.25000000 4.31250000 4.37500000 4.43750000 4.50000000 4.56250000 4.62500000 4.68750000 4.75000000 4.81250000 4.87500000 4.93750000 5.00000000 5.06250000 5.12500000 5.18750000 5.25000000 5.31250000 5.37500000 5.43750000 5.50000000 5.56250000 5.62500000 5.68750000 5.75000000 5.81250000 5.87500000 5.93750000 6.00000000 6.06250000 6.12500000 6.18750000 6.25000000 6.31250000 6.37500000 6.43750000 6.50000000 6.56250000 6.62500000 6.68750000 6.75000000 6.81250000 6.87500000 6.93750000 7.00000000 7.06250000 7.12500000 7.18750000 7.25000000 7.31250000 7.37500000 7.43750000 7.50000000 7.56250000 7.62500000 7.68750000 7.75000000 7.81250000 7.87500000 7.93750000 8.00000000 8.06250000 8.12500000 8.18750000 8.25000000 8.31250000 8.37500000 8.43750000 8.50000000 8.56250000 8.62500000 8.68750000 8.75000000 8.81250000 8.87500000 8.93750000 9.00000000 9.06250000 9.12500000 9.18750000 9.25000000 9.31250000 9.37500000 9.43750000 9.50000000 9.56250000 9.62500000 9.68750000 9.75000000 9.81250000 9.87500000 9.93750000 10.00000000 10.06250000 10.12500000 10.18750000 10.25000000 10.31250000 10.37500000 10.43750000 10.50000000 10.56250000 10.62500000 10.68750000 10.75000000 10.81250000 10.87500000 10.93750000 11.00000000 11.06250000 11.12500000 11.18750000 11.25000000 11.31250000 11.37500000 11.43750000 11.50000000 11.56250000 11.62500000 11.68750000 11.75000000 11.81250000 11.87500000 11.93750000 12.00000000 12.06250000 12.12500000 12.18750000 12.25000000 12.31250000 12.37500000 12.43750000 12.50000000 12.56250000 12.62500000 12.68750000 12.75000000 12.81250000 12.87500000 12.93750000 13.00000000 13.06250000 13.12500000 13.18750000 13.25000000 13.31250000 13.37500000 13.43750000 13.50000000 13.56250000 13.62500000 13.68750000 13.75000000 13.81250000 13.87500000 13.93750000 14.00000000 14.06250000 14.12500000 14.18750000 14.25000000 14.31250000 14.37500000 14.43750000 14.50000000 14.56250000 14.62500000 14.68750000 14.75000000 14.81250000 14.87500000 14.93750000 15.00000000 15.06250000 15.12500000 15.18750000 15.25000000 15.31250000 15.37500000 15.43750000 15.50000000 15.56250000 15.62500000 15.68750000 15.75000000 15.81250000 15.87500000 15.93750000 16.00000000 16.06250000 16.12500000 16.18750000 16.25000000 16.31250000 16.37500000 16.43750000 16.50000000 16.56250000 16.62500000 16.68750000 16.75000000 16.81250000 16.87500000 16.93750000 17.00000000 17.06250000 17.12500000 17.18750000 17.25000000 17.31250000 17.37500000 17.43750000 17.50000000 17.56250000 17.62500000 17.68750000 17.75000000 17.81250000 17.87500000 17.93750000 18.00000000 18.06250000 18.12500000 18.18750000 18.25000000 18.31250000 18.37500000 18.43750000 18.50000000 18.56250000 18.62500000 18.68750000 18.75000000 18.81250000 18.87500000 18.93750000 19.00000000 19.06250000 19.12500000 19.18750000 19.25000000 19.31250000 19.37500000 19.43750000 19.50000000 19.56250000 19.62500000 19.68750000 19.75000000 19.81250000 19.87500000 19.93750000 20.00000000 20.06250000 20.12500000 20.18750000 20.25000000 20.31250000 20.37500000 20.43750000 20.50000000 20.56250000 20.62500000 20.68750000 20.75000000 20.81250000 20.87500000 20.93750000 21.00000000 21.06250000 21.12500000 21.18750000 21.25000000 21.31250000 21.37500000 21.43750000 21.50000000 21.56250000 21.62500000 21.68750000 21.75000000 21.81250000 21.87500000 21.93750000 22.00000000 22.06250000 22.12500000 22.18750000 22.25000000 22.31250000 22.37500000 22.43750000 22.50000000 22.56250000 22.62500000 22.68750000 22.75000000 22.81250000 22.87500000 22.93750000 23.00000000 23.06250000 23.12500000 23.18750000 23.25000000 23.31250000 23.37500000 23.43750000 23.50000000 23.56250000 23.62500000 23.68750000 23.75000000 23.81250000 23.87500000 23.93750000 24.00000000
Ny          256
-8.00000000 -7.93750000 -7.87500000 -7.81250000 -7.75000000 -7.68750000 -7.62500000 -7.56250000 -7.50000000 -7.43750000 -7.37500000 -7.31250000 -7.25000000 -7.18750000 -7.12500000 -7.06250000 -7.00000000 -6.93750000 -6.87500000 -6.81250000 -6.75000000 -6.68750000 -6.62500000 -6.56250000 -6.50000000 -6.43750000 -6.37500000 -6.31250000 -6.25000000 -6.18750000 -6.12500000 -6.06250000 -6.00000000 -5.93750000 -5.87500000 -5.81250000 -5.75000000 -5.68750000 -5.62500000 -5.56250000 -5.50000000 -5.43750000 -5.37500000 -5.31250000 -5.25000000 -5.18750000 -5.12500000 -5.06250000 -5.00000000 -4.93750000 -4.87500000 -4.81250000 -4.75000000 -4.68750000 -4.62500000 -4.56250000 -4.50000000 -4.43750000 -4.37500000 -4.31250000 -4.25000000 -4.18750000 -4.12500000 -4.06250000 -4.00000000 -3.93750000 -3.87500000 -3.81250000 -3.75000000 -3.68750000 -3.62500000 -3.56250000 -3.50000000 -3.43750000 -3.37500000 -3.31250000 -3.25000000 -3.18750000 -3.12500000 -3.06250000 -3.00000000 -2.93750000 -2.87500000 -2.81250000 -2.75000000 -2.68750000 -2.62500000 -2.56250000 -2.50000000 -2.43750000 -2.37500000 -2.31250000 -2.25000000 -2.18750000 -2.12500000 -2.06250000 -2.00000000 -1.93750000 -1.87500000 -1.81250000 -1.75000000 -1.68750000 -1.62500000 -1.56250000 -1.50000000 -1.43750000 -1.37500000 -1.31250000 -1.25000000 -1.18750000 -1.12500000 -1.06250000 -1.00000000 -0.93750000 -0.87500000 -0.81250000 -0.75000000 -0.68750000 -0.62500000 -0.56250000 -0.50000000 -0.43750000 -0.37500000 -0.31250000 -0.25000000 -0.18750000 -0.12500000 -0.06250000 0.00000000 0.06250000 0.12500000 0.18750000 0.25000000 0.31250000 0.37500000 0.43750000 0.50000000 0.56250000 0.62500000 0.68750000 0.75000000 0.81250000 0.87500000 0.93750000 1.00000000 1.06250000 1.12500000 1.18750000 1.25000000 1.31250000 1.37500000 1.43750000 1.50000000 1.56250000 1.62500000 1.68750000 1.75000000 1.81250000 1.87500000 1.93750000 2.00000000 2.06250000 2.12500000 2.18750000 2.25000000 2.31250000 2.37500000 2.43750000 2.50000000 2.56250000 2.62500000 2.68750000 2.75000000 2.81250000 2.87500000 2.93750000 3.00000000 3.06250000 3.12500000 3.18750000 3.25000000 3.31250000 3.37500000 3.43750000 3.50000000 3.56250000 3.62500000 3.68750000 3.75000000 3.81250000 3.87500000 3.93750000 4.00000000 4.06250000 4.12500000 4.18750000 4.25000000 4.31250000 4.37500000 4.43750000 4.50000000 4.56250000 4.62500000 4.68750000 4.75000000 4.81250000 4.87500000 4.93750000 5.00000000 5.06250000 5.12500000 5.18750000 5.25000000 5.31250000 5.37500000 5.43750000 5.50000000 5.56250000 5.62500000 5.68750000 5.75000000 5.81250000 5.87500000 5.93750000 6.00000000 6.06250000 6.12500000 6.18750000 6.25000000 6.31250000 6.37500000 6.43750000 6.50000000 6.56250000 6.62500000 6.68750000 6.75000000 6.81250000 6.87500000 6.93750000 7.00000000 7.06250000 7.12500000 7.18750000 7.25000000 7.31250000 7.37500000 7.43750000 7.50000000 7.56250000 7.62500000 7.68750000 7.75000000 7.81250000 7.87500000 7.93750000 8.00000000
Re          100
dt          0.005
numtstep    1000

InitUsingFile       1
InitFileu1          u1.txt
InitFileu2          u2.txt
InitFilep           p.txt

OutputFileu1        u1.txt
OutputFileu2        u2.txt
OutputFilep         p.txt
