STLFile     ../stl/sphere.stl

Nx          158
-4 -3.79126 -3.627092 -3.470743 -3.321838 -3.180025 -3.044964 -2.916335 -2.793831 -2.67716 -2.566045 -2.460222 -2.359437 -2.263452 -2.172038 -2.084977 -2.002061 -1.923094 -1.847887 -1.776261 -1.708047 -1.64308 -1.581207 -1.522281 -1.46616 -1.412712 -1.361809 -1.31333 -1.26716 -1.223188 -1.18131 -1.141426 -1.103441 -1.067266 -1.032813 -1 -0.96875 -0.9375 -0.90625 -0.875 -0.84375 -0.8125 -0.78125 -0.75 -0.71875 -0.6875 -0.65625 -0.625 -0.59375 -0.5625 -0.53125 -0.5 -0.46875 -0.4375 -0.40625 -0.375 -0.34375 -0.3125 -0.28125 -0.25 -0.21875 -0.1875 -0.15625 -0.125 -0.09375 -0.0625 -0.03125 0 0.03125 0.0625 0.09375 0.125 0.15625 0.1875 0.21875 0.25 0.28125 0.3125 0.34375 0.375 0.40625 0.4375 0.46875 0.5 0.53125 0.5625 0.59375 0.625 0.65625 0.6875 0.71875 0.75 0.78125 0.8125 0.84375 0.875 0.90625 0.9375 0.96875 1 1.032813 1.067266 1.103441 1.141426 1.18131 1.223188 1.26716 1.31333 1.361809 1.412712 1.46616 1.522281 1.581207 1.64308 1.708047 1.776261 1.847887 1.923094 2.002061 2.084977 2.172038 2.263452 2.359437 2.460222 2.566045 2.67716 2.793831 2.916335 3.044964 3.180025 3.321838 3.470743 3.627092 3.79126 4 4.144629 4.334673 4.534219 4.743743 4.963743 5.194742 5.437292 5.691969 5.95938 6.240161 6.534982 6.844544 7.169583 7.510875 7.869231 8.245505 8.640593 9.055435 9.491019 9.948383 10.428614 10.932858 11.462313 12
Ny          134
-4 -3.79126 -3.627092 -3.470743 -3.321838 -3.180025 -3.044964 -2.916335 -2.793831 -2.67716 -2.566045 -2.460222 -2.359437 -2.263452 -2.172038 -2.084977 -2.002061 -1.923094 -1.847887 -1.776261 -1.708047 -1.64308 -1.581207 -1.522281 -1.46616 -1.412712 -1.361809 -1.31333 -1.26716 -1.223188 -1.18131 -1.141426 -1.103441 -1.067266 -1.032813 -1 -0.96875 -0.9375 -0.90625 -0.875 -0.84375 -0.8125 -0.78125 -0.75 -0.71875 -0.6875 -0.65625 -0.625 -0.59375 -0.5625 -0.53125 -0.5 -0.46875 -0.4375 -0.40625 -0.375 -0.34375 -0.3125 -0.28125 -0.25 -0.21875 -0.1875 -0.15625 -0.125 -0.09375 -0.0625 -0.03125 0 0.03125 0.0625 0.09375 0.125 0.15625 0.1875 0.21875 0.25 0.28125 0.3125 0.34375 0.375 0.40625 0.4375 0.46875 0.5 0.53125 0.5625 0.59375 0.625 0.65625 0.6875 0.71875 0.75 0.78125 0.8125 0.84375 0.875 0.90625 0.9375 0.96875 1 1.032813 1.067266 1.103441 1.141426 1.18131 1.223188 1.26716 1.31333 1.361809 1.412712 1.46616 1.522281 1.581207 1.64308 1.708047 1.776261 1.847887 1.923094 2.002061 2.084977 2.172038 2.263452 2.359437 2.460222 2.566045 2.67716 2.793831 2.916335 3.044964 3.180025 3.321838 3.470743 3.627092 3.79126 4
Nz          134
-4 -3.79126 -3.627092 -3.470743 -3.321838 -3.180025 -3.044964 -2.916335 -2.793831 -2.67716 -2.566045 -2.460222 -2.359437 -2.263452 -2.172038 -2.084977 -2.002061 -1.923094 -1.847887 -1.776261 -1.708047 -1.64308 -1.581207 -1.522281 -1.46616 -1.412712 -1.361809 -1.31333 -1.26716 -1.223188 -1.18131 -1.141426 -1.103441 -1.067266 -1.032813 -1 -0.96875 -0.9375 -0.90625 -0.875 -0.84375 -0.8125 -0.78125 -0.75 -0.71875 -0.6875 -0.65625 -0.625 -0.59375 -0.5625 -0.53125 -0.5 -0.46875 -0.4375 -0.40625 -0.375 -0.34375 -0.3125 -0.28125 -0.25 -0.21875 -0.1875 -0.15625 -0.125 -0.09375 -0.0625 -0.03125 0 0.03125 0.0625 0.09375 0.125 0.15625 0.1875 0.21875 0.25 0.28125 0.3125 0.34375 0.375 0.40625 0.4375 0.46875 0.5 0.53125 0.5625 0.59375 0.625 0.65625 0.6875 0.71875 0.75 0.78125 0.8125 0.84375 0.875 0.90625 0.9375 0.96875 1 1.032813 1.067266 1.103441 1.141426 1.18131 1.223188 1.26716 1.31333 1.361809 1.412712 1.46616 1.522281 1.581207 1.64308 1.708047 1.776261 1.847887 1.923094 2.002061 2.084977 2.172038 2.263452 2.359437 2.460222 2.566045 2.67716 2.793831 2.916335 3.044964 3.180025 3.321838 3.470743 3.627092 3.79126 4

Re          100
dt          0.01
numtstep    0

InitUsingFile       0
InitFile            /home/jeongukim/data/sphere/sphere
OutputFile          /home/jeongukim/data/sphere/sphere
